3556
6564
 729
2277
2057
5142
5546
3316
2097
3099
4878
2048
3559
3389
7770
7319
1527
1943
7230
3179
-336
-373
5505
  -6
4139
-483
7389
1334
-128
  48
7341
  46
-717
7475
-795
1807
-840
5498
2634
1260
 989
7931
6987
 837
-747
2900
-622
4261
1431
5351
1129
5710
5336
 330
3802
3024
 917
5188
3701
5792
6323
5840
4500
   0
1992
6223
4629
2398
6843
 349
6614
 280
5420
7324
4646
-855
3587
7725
4304
4940
3180
6202
 623
6375
 638
 835
4278
2556
3144
5822
1681
6920
-617
 695
1209
7139
2674
-615
2769
-827
-233
1144
5924
6490
4628
4163
1445
7488
 296
7234
7308
 743
2115
5724
3891
2000
-327
-989
1249
 550
-743
7953
2193
6902
3625
1311
1698
 -97
6184
5488
1661
 514
3385
4386
3302
2177
4256
  31
 727
 207
6516
7166
 245
3129
4237
7966
 873
6438
7163
5795
5707
2203
1195
6938
7147
4415
 846
7608
4719
6754
2215
1456
3156
  51
4480
7929
2356
-161
 513
2811
5075
6296
1655
3130
5457
 780
2882
6090
5221
4161
1315
1909
4704
2504
6680
1665
3785
5057
4739
5395
4410
-787
3429
5224
5124
5254
6977
 956
1147
2757
-419
7908
2965
7098
6803
2166
-833
2616
7645
2651
  86
1136
4632
7660
7471
3391
 191
2825
1905
4388
4727
5894
5673
5689
7231
1051
3395
5619
4289
7457
6009
1015
1677
4442
3140
 959
1164
1720
2740
7072
2928
4250
3512
4245
1788
3052
-736
 786
4100
6179
5027
  19
1295
-350
3799
7236
7351
 895
5263
7048
7067
7943
4999
 335
-890
3816
1162
6881
-241
7478
5043
4287
4696
 770
5425
7016
-471
6251
1749
1478
 697
4735
2231
4208
2253
5105
5327
5702
5081
1228
6311
  17
2883
5196
2361
3087
4848
2776
2859
3461
5661
-740
1752
4869
5144
 880
3242
5076
3572
5022
3876
3594
4427
3726
6523
6746
7432
-318
6831
4490
7337
2580
3855
6059
5765
4527
5126
5370
7467
1206
4027
2530
7059
3552
7502
2903
6109
5877
4065
 173
3827
6188
7191
2787
5629
 255
 958
 854
1256
-798
7266
 815
4550
4675
1773
7916
5791
5264
3449
4366
5508
6640
 760
7685
-813
 305
5932
5952
-712
3329
2281
6952
5686
5030
6883
-503
1389
3954
2610
 574
-808
-294
6818
-520
3469
2120
6782
7058
7539
-421
2278
3668
4252
2548
7285
2630
3285
3614
7395
5392
2058
5452
4786
5645
1757
7834
2937
6567
2494
5339
7469
4312
2653
5009
6486
2521
5665
2061
 766
 794
7649
3237
-427
4432
  49
 -25
 586
-198
5256
-968
3553
4655
3222
7785
 -39
1898
3153
-385
 676
1589
1612
4462
4389
7180
7443
6061
-609
2989
4576
7470
6108
1272
6321
3208
 420
1572
 465
4661
2956
4014
6888
5958
2327
1041
7331
7399
2731
4711
 489
6551
1240
 177
4236
7740
-839
-303
6816
6274
6596
 932
6139
2196
2446
3536
2241
6519
2735
2818
5737
7893
7047
2096
2497
 351
6751
1243
3646
5135
7595
6319
-692
2782
3743
4623
1489
7945
7594
  34
3649
2133
2379
5514
7182
6776
 418
3230
2714
5676
4009
1738
 242
3910
1689
6494
3697
4709
1348
2552
7533
5487
2364
 481
 962
2517
-560
 471
4298
5470
3985
6190
4529
5456
5376
 559
3616
 649
7910
-394
7391
7340
3292
5899
2399
7694
1262
1851
5219
5818
4377
2106
 259
-750
2853
1925
5981
-804
1543
7506
3414
 566
6230
6389
5416
6078
7671
7869
7703
3941
 862
-246
2185
3126
7769
 380
6030
4409
1829
6802
3171
 947
6440
4934
1808
1078
1908
4917
6681
3924
4680
 274
 853
 735
3402
6208
4577
1292
1235
2318
4506
5033
1871
5399
4349
-638
 149
2122
1980
6924
7940
4927
6402
-528
6157
5069
-602
5614
6445
-928
-994
1940
1878
1961
2547
1317
3320
1433
1778
-581
6928
4483
 416
5125
-464
5530
 809
3906
 181
1904
7039
 694
  14
1468
-247
 117
5827
4082
1145
-317
7583
  10
 631
3520
3707
4209
  28
6124
 315
6457
 287
7967
3071
5940
5549
2087
1935
6585
6087
1737
2795
2360
1388
5379
1161
2887
7814
4991
4326
 635
6542
 607
2656
4188
6515
2545
6336
5539
2927
7082
6836
4730
6672
-166
5910
1187
5618
6910
5241
4792
7670
3881
4235
-332
5564
4467
4037
1438
 836
3260
7000
 942
4884
5024
3417
4580
1059
7962
3688
3085
5097
1278
3366
3797
5788
7884
 121
7918
5342
4615
4092
2930
1226
2028
 666
2726
5963
-680
3236
6414
2198
2347
7984
2993
4795
4881
7675
 699
5872
-136
3731
 609
3887
5672
 693
4509
7321
6275
-538
5831
2487
3120
6796
 539
6464
7403
1395
1995
6700
4028
3823
7527
2645
2095
-220
 -68
3805
5898
2279
 787
3095
2709
3420
5014
5484
4070
-773
4607
1859
-404
2801
4984
-848
3421
6060
 718
-408
3249
6598
5869
 642
5278
3947
1149
5244
3033
5506
3745
3695
4374
3445
7052
4359
7897
-279
 -19
  25
2650
4239
4663
-207
6469
7603
7991
4149
1927
6517
7609
7857
3339
 436
5968
3883
4083
6306
-965
7578
-369
3343
6171
 369
 372
3964
3332
1181
6491
 604
 197
 714
5664
3158
-533
2211
6198
-710
5497
6369
 138
1227
3718
7008
1380
-809
1326
5825
7978
1422
1258
5002
1114
-126
-600
3442
3593
3177
3450
6962
1082
6095
7323
-594
5611
 580
 633
6454
5330
4742
2924
 128
7924
2082
4488
2249
7144
-282
7445
1346
3877
-475
3537
7773
1387
3067
7596
4475
 278
4101
6973
-603
5732
2326
2309
7241
-214
-481
-250
4966
2619
3418
1777
1301
6965
5451
-150
2860
1539
4487
7057
4887
7298
7127
1535
 405
5170
3513
1347
1542
1685
5485
-877
1194
3637
2626
2414
4670
-572
1724
-629
3277
4975
 634
 114
5954
4402
2642
3931
6761
6528
3403
4489
3666
4166
6320
7116
7600
2598
2633
2886
4920
2855
6522
6835
2170
5234
6447
 802
5769
3595
2221
 536
3361
-308
-368
-628
2064
5779
4866
3874
5675
7958
5393
-635
7730
2659
 717
3051
3456
4264
 364
6648
5699
 365
6703
3510
2255
5440
4015
 -63
-186
1188
7120
3720
-959
4405
1568
4494
1567
6637
3548
-113
7074
6825
5248
-260
2682
6191
-826
5491
-913
6161
7742
5178
7605
7440
6392
4860
 764
7878
5519
6758
4998
4526
3809
-240
3968
5709
3569
6764
4078
-944
4197
6377
6101
-432
5375
-792
-337
 852
6607
2512
7734
 973
6730
3523
6231
-896
3999
-970
1515
5750
2707
 834
 158
-933
3739
3665
-873
3791
4874
-524
6618
4685
5104
 819
 606
4647
4603
1225
-140
5720
 -15
 417
5543
1800
4184
2054
6103
4023
5368
 127
6204
4669
 225
1467
3080
7237
2910
4664
3683
5975
7620
-208
1959
2485
1406
   1
3515
4698
4587
6832
7851
5275
1222
-915
1270
-770
3270
1674
4449
-300
-291
3642
-891
4551
-899
2584
2644
-335
-822
7891
4674
6576
3447
3342
6007
6261
2939
7097
2847
-805
5985
2457
3841
1731
1524
7764
2179
1900
-305
4844
6178
1322
 791
5225
5489
-254
4994
6459
7676
1848
2343
4113
6597
5411
4955
 375
3111
2421
6168
2303
 546
5252
7051
 630
-659
2669
 -58
5989
3749
-321
5253
7532
7933
4729
7402
-981
1471
6077
1323
3061
7154
3107
1415
2568
1210
 119
 601
3538
1091
2536
 600
 996
4268
2676
4346
  99
 495
7168
3996
2975
5328
7362
3396
4158
1723
3904
1234
6343
1599
2321
 719
 196
7752
1377
-870
1862
-641
5536
1050
1562
6643
5407
7758
-738
 915
4533
3914
4469
-172
6332
 963
4613
7567
7813
 407
2902
1509
-910
2948
2501
 570
6328
5171
1739
2102
3428
 100
1279
-406
1856
2274
-309
5008
 716
7959
-754
5453
6057
6702
7101
6081
3197
6723
1550
7397
7276
7804
6118
1396
-656
6900
1320
3937
-231
2773
4007
6586
1454
5812
 498
2878
4963
-320
 645
 503
4397
2944
1360
1986
4319
1282
-842
2574
7543
3990
-866
-386
1465
1241
7875
 568
 -90
3108
4169
6653
4171
4617
5035
2983
1130
1480
4445
2715
7712
7737
-516
6085
 222
4707
5273
7784
3814
1344
1381
2125
5752
 -10
1649
 319
4673
7709
 -61
 134
-306
5596
-693
2207
6772
 980
1500
6094
6817
4063
-360
1039
3571
2059
2643
3084
7954
2431
5698
4116
-426
7092
 462
3864
5957
7946
6499
1605
4625
5266
3600
6176
 657
7531
 368
2148
6250
7693
7648
6281
5660
6265
 939
 969
5058
4798
-453
-349
3075
7158
1259
4921
7914
4446
2491
2482
2857
7993
1328
5524
1903
5628
-290
5837
 373
1884
-222
6716
5283
4497
6800
3019
6559
-312
 441
 112
-460
6038
2581
5814
 774
2154
7412
3331
5294
-258
2908
3444
6203
1318
-573
6511
6656
2508
1449
5554
5979
6827
1319
6422
4045
1702
3263
 393
-701
5051
3682
7045
1713
7422
3283
-610
3141
7919
4358
5207
6033
6506
5293
3833
1230
6804
5216
2742
 925
4691
5930
3017
-843
1443
1350
4778
2427
6310
6893
3386
7937
4280
2311
 508
7249
 703
 -13
 617
5912
6941
6368
5261
2922
3892
5915
  93
-146
7955
2297
2227
5969
7913
5017
4126
3942
6177
4102
1810
 -70
5353
3944
6381
2371
7576
4251
5277
 964
 616
6406
6527
4423
-417
1924
7270
1212
5598
5844
 248
3647
5633
4748
4882
7853
5961
7368
4598
1305
4134
5156
2559
6357
4692
 -59
3335
3135
6954
4473
6064
2380
1717
3522
4962
3658
3441
 746
4782
6757
2938
3440
3435
 275
6366
-958
-644
4990
7345
1030
3761
  67
1337
1475
7129
2033
-689
-552
6615
3397
-853
1783
-746
5866
1833
5520
6042
6399
-580
5249
1877
 258
4912
 613
 145
3352
6721
3437
 -91
-129
2090
-845
2856
1804
3528
 -18
3002
7307
5232
7320
7727
2324
 443
1124
 167
7932
1662
1839
2187
 504
1541
 641
6123
1863
  45
6159
7866
2135
  83
2942
2963
7161
  97
3253
4403
6068
 923
-256
6169
4843
-687
2471
3096
-763
3011
-694
4864
1883
1410
1776
4060
1113
3150
5377
-400
3938
4425
7541
4414
1049
3973
 472
5233
1101
2250
6360
2573
 561
 682
6946
3578
-399
6110
-889
6324
7434
2284
2353
3851
-210
6932
 252
5230
 168
7530
7840
4471
6371
2711
5276
4004
7108
4846
5426
1602
4916
3777
1191
4295
-401
5666
5782
7568
2192
-151
7504
7612
7468
4781
-752
2605
7739
 226
 311
1593
2470
3483
7017
7396
3001
4745
4706
4222
6620
-223
1309
1654
7640
4652
1825
6082
7187
4088
2304
3254
5819
7650
3784
6833
   9
4293
4470
2362
6824
3229
5936
5245
7877
 -80
6489
 905
7573
 -45
2390
7177
-882
-771
5223
2432
 805
3154
6000
7791
-510
1888
6747
4170
7026
-704
-170
4455
7326
-114
1501
6130
7459
5685
 798
6263
1893
 712
6760
1732
4928
6665
1154
2129
4315
2434
4071
5789
2015
1405
 520
 108
7774
4933
2132
4219
6759
6182
7956
2339
7825
-831
6040
6256
3687
2004
1392
 726
5759
1823
-119
4119
 -40
7404
 488
 785
7347
2181
4871
7188
-230
7193
 555
6437
-918
 567
-755
1236
3474
2844
5154
 390
3651
2603
 -43
7626
1102
 135
6232
7615
6908
7951
2876
1036
2756
2891
3345
3272
1897
2226
6650
3669
1294
6595
6520
2839
5726
7064
5622
5078
3484
2145
5303
2027
4677
-379
7438
6035
1152
7195
1479
7384
2664
7185
1356
7628
5875
   6
3056
1044
1824
6495
6507
7446
1532
-649
6979
5887
7112
3038
6783
1070
1413
5610
5577
1178
1118
5553
5839
 143
-270
4035
7894
7027
6277
4031
1013
1208
4089
-101
1012
-176
7673
7482
6838
4354
1683
1947
6017
7325
  50
6175
 759
2172
3820
3356
1880
 654
-546
5449
1185
7715
3889
7003
3117
 896
1370
 974
3976
1401
7881
3378
2374
6732
-711
7255
2612
5933
7987
7688
4554
4981
 563
-703
7901
2510
2861
3252
1920
1997
3610
7095
1297
6478
 537
2314
-633
 210
 290
7018
3424
5174
-125
5098
 148
2092
7387
1607
 273
1957
6606
1822
 211
4202
6983
5260
2411
7006
4523
3454
5548
1755
6395
6166
-138
-820
-137
6623
6010
2030
6346
-668
5029
3828
1929
7481
2108
3069
3233
3759
 468
5532
4187
1563
1716
 847
7085
2461
5114
5183
3936
-117
5980
7429
 608
7413
3659
5555
 -67
3383
1936
3903
6707
7755
1250
1836
3328
1127
3959
 -66
5704
2348
2429
3710
 324
4591
5897
 741
-753
6105
2667
2018
4931
-237
5292
5101
 524
3557
2205
5861
6244
4642
5780
3357
7733
 334
3209
1325
6416
7214
1047
6432
  64
6493
6891
5911
7637
4600
7117
1614
3602
2770
6497
-537
7832
4440
6341
7906
6037
7284
5914
2874
4649
4225
1972
5297
-244
1037
6160
6450
1684
4562
4790
 434
 955
  11
-626
3439
2972
6153
4723
-154
3284
-430
-205
6645
7071
3355
1518
7264
4437
2067
3617
-599
 415
2113
7070
 360
 355
7686
3045
4593
5010
3675
1694
4314
3723
4517
7969
-147
3296
 999
6028
-897
3725
 658
5083
4356
6532
7760
2259
-242
3453
1461
2807
1119
  96
5925
7334
 793
-362
 684
1081
5042
2730
5122
3562
7952
 828
 804
7013
 859
1376
-646
7423
5741
 220
6074
-885
 575
7485
-906
-351
-932
5123
2934
2836
4091
 924
-267
7695
3607
3800
 239
2128
4148
6779
4275
3165
1891
 157
4624
6018
  82
-590
6745
6218
3486
3462
3849
 981
 554
5960
3464
5088
5109
4660
-514
3491
2540
2366
6022
5602
2655
3653
7542
2893
4588
6569
-922
1160
-815
3211
2977
2621
3194
1437
4458
5934
4766
-278
2149
2845
7427
5783
-329
-758
6412
2433
5059
6181
2305
6857
5439
1490
7862
5387
4195
5700
 395
5401
5523
7721
-697
 279
7704
5362
4717
5941
-269
5034
4989
7883
7178
1540
2810
3307
-251
4953
6947
6288
3315
1020
 966
3902
6862
4644
 688
1874
6861
5111
1299
-536
1092
3489
6575
6267
 189
4826
 -56
6350
3161
4839
3278
3630
7792
1446
3259
3007
4612
7799
4505
1603
3956
5150
7998
7299
 -29
6967
4416
2827
5436
5722
3603
2679
5202
1864
2609
5567
4594
6376
-168
 978
 271
1531
3770
1565
5089
7226
4452
5320
-682
7278
5418
7233
6715
4466
5574
2393
4512
4128
7081
-434
-905
3787
5688
-616
6895
6225
2424
4491
2873
 788
5944
6043
 300
5974
-621
7176
2322
5155
7540
7836
5322
3482
6126
2940
3608
2310
7487
6685
6698
-551
7046
5012
2950
 888
3139
4627
3612
 261
5842
6801
-440
2121
2862
2560
1718
2813
3083
3387
7514
6652
-658
6691
-299
3763
-517
3611
2195
 621
7073
6405
1026
-545
 551
3737
7261
 758
3348
6374
5959
3622
6535
7579
3132
-719
5313
3565
2365
5587
2966
6636
2816
-370
2608
5145
3786
3234
1872
2068
-846
7706
4733
5784
 406
4616
1867
7357
-639
 -34
 270
6945
7079
5267
4857
7110
5945
 912
6530
5949
7902
-330
 238
-962
2389
 266
4495
-374
4122
1787
4699
3487
-296
4125
 579
-892
6858
1660
3058
2921
1335
7777
5397
1769
1704
1255
 931
5507
3009
7989
7864
 816
1914
6065
3639
5716
-103
3970
5147
-489
3170
 783
3656
2808
1508
 792
6114
  62
1343
4721
3808
3681
2846
4247
 -86
 885
5550
2240
3848
-998
 856
4248
3119
2301
4815
4980
 464
2105
7113
-961
 763
-148
1502
 -83
4333
1745
5108
1636
 490
4493
3152
6272
2126
2078
1815
3750
5649
5766
 797
3631
4376
4850
3667
2640
5434
5316
6141
2705
3645
3709
6423
4282
1221
4749
-190
7037
1391
3704
6931
4557
6292
7558
2639
5500
5785
1133
 549
1597
7495
 313
4636
 385
3367
3946
 -31
-984
5354
7022
7076
6775
6690
4238
7921
7870
4702
5269
1266
4718
3131
2069
 -49
5905
-393
6262
3836
7301
2441
6851
-691
5482
-772
5474
4431
 581
 437
1630
6214
 -47
7339
5319
4779
1052
1452
4499
7593
1579
2582
3168
4056
 588
-110
7114
1507
2358
5361
3819
3987
6811
4322
7310
3143
7441
5197
2718
2248
6286
1247
-800
5566
-397
7075
2223
5226
-964
4066
7664
-174
4318
1932
1642
5777
 585
3333
2698
4124
2980
3326
6742
3273
5850
3148
5757
7131
5198
6338
6998
2332
-139
7198
2520
4734
2789
6524
3217
2871
-372
  30
4266
4422
7437
2316
7360
-316
6713
2270
 116
3133
 674
 392
 945
2564
1982
1308
1493
2741
6086
2498
 -33
7863
7342
 848
1217
3756
1186
5718
2593
6342
3554
 769
4549
1483
-542
6449
-515
2732
3020
 340
6913
6284
5658
 591
6765
4371
4608
1269
 322
 971
5848
-966
2137
5268
1663
5502
1283
2519
2670
6901
4883
7824
4029
-463
2063
1033
-861
7529
 326
2534
-224
 824
4849
 775
1774
7156
4395
3815
-509
6545
4185
 776
4420
4141
3324
6102
2780
7550
4725
7749
5205
 680
6220
4604
 -84
3875
1213
4658
5876
4109
4492
4498
6012
7327
-466
6789
 190
3232
1671
1400
6307
4306
5151
7847
1624
7175
2385
4360
5931
7273
4722
4799
5995
1357
7591
2194
5050
2328
6773
3125
7209
2896
5340
 839
5993
-491
1639
-683
4212
 123
 120
 687
3893
5810
1470
7352
6906
5404
4017
6062
1637
 806
4898
4880
 872
4103
4249
1826
 627
2118
 950
1625
5691
4174
7496
 877
3589
 552
6726
 -64
2025
4138
3496
7155
3224
4218
5087
3949
3021
1046
5064
5571
2994
3530
2841
-171
7281
-713
 129
6419
4330
4633
1087
3609
2587
2912
 318
 106
4894
3189
5734
5281
-864
1634
2894
3685
6791
1022
 655
3115
5669
7803
1488
7426
6894
4200
4667
3706
7622
7692
5746
 414
2382
1613
4339
-563
5562
6011
  56
6148
6869
5597
1232
4114
7044
2671
2528
3803
6052
4019
 433
4873
3722
3514
6233
5902
 652
4026
5774
5639
2911
3736
6889
7378
1574
1847
1779
5332
3958
2209
7293
7115
2872
 728
3624
-642
1556
5358
4794
 241
2606
4229
5655
6054
-201
3771
3834
-323
3036
4583
7601
2315
4861
2506
5920
-387
4547
7405
 624
-107
3401
1631
3163
4535
 533
5237
1958
5616
2638
5110
-790
6531
7068
-567
3945
5693
7925
-909
1472
6045
-652
 202
1741
5013
3890
6143
6904
4993
7292
3981
1257
6131
2753
3606
 656
5044
3878
5038
-920
1578
2646
-946
7892
3518
2445
6980
7577
5841
3742
-446
2228
4571
 664
7224
3852
 902
-157
 583
4834
2422
7087
3760
2905
4459
5678
4267
 424
-141
2458
7702
7639
6373
2085
3765
1902
2627
-485
6638
3818
3774
3529
-577
 953
6458
7061
4801
7449
3114
2060
6391
2550
2523
1557
1426
2802
1215
5460
 -93
 884
4276
4501
3364
7419
6428
6358
6353
7204
7430
-561
2323
6409
6676
4286
4411
-499
2109
 619
 708
5162
 916
4952
 545
5227
4605
2830
2084
1549
4033
7753
-455
5056
3583
5085
6806
4097
2637
2632
4226
-852
 206
3636
6996
5288
6034
 636
-942
5409
7388
-377
1157
7690
7708
4145
3057
 738
6444
7477
4127
2541
-570
3839
3558
6874
7322
6641
3757
1032
-664
5744
7151
5364
1894
4316
2949
2045
2335
7613
3592
-211
6002
6651
5706
2395
4177
5736
-919
1355
7424
 -72
3065
6083
 485
  18
4784
4303
6642
  76
 146
4714
7790
1635
6137
1860
7872
5455
-745
 470
1352
6500
 938
3590
4510
2021
7349
5796
2168
4234
5423
1499
6658
1529
6684
6475
1814
  57
3978
 159
 858
5557
-232
7783
4223
5805
2341
7920
 556
4075
-706
6840
2901
4688
4518
4269
 426
3541
5306
3012
5206
 -26
1166
3303
2914
6555
4516
2401
2611
3927
  55
-640
7190
4165
3010
7436
 911
1629
6737
3908
4301
-739
5891
1519
 394
7780
 825
7999
4456
4595
5217
2141
2044
3724
-921
4325
  81
6097
4868
6044
1341
 -87
2373
6415
1653
-311
 771
1469
7448
5823
1743
-257
4142
 976
7817
6589
3142
7217
6856
5537
5592
3031
 463
1868
5382
3508
2622
4824
4439
  61
3027
5627
 736
5067
5373
1692
7957
4835
4854
4198
7206
1846
4936
2738
6387
3013
  -4
6129
3838
5551
5309
6309
3634
6315
4288
3782
1812
 374
-708
 232
4653
2147
6466
3346
5444
1265
6100
7523
3426
6579
 615
1697
4746
3969
6365
1057
7146
1895
7153
7580
7860
2925
4246
1609
5806
4030
4938
6632
6036
-619
1941
1849
-412
3458
 592
5337
5025
5107
4005
2649
1216
2832
 391
7934
5127
7099
-287
4271
2184
7942
7621
 203
2378
 890
-493
1340
3623
1368
3660
4720
5063
1442
 -55
6304
6866
5181
5473
 429
4788
4503
7141
6706
3160
3923
5748
5880
5408
3169
1551
7215
6149
3090
4368
2959
-684
-145
2330
 679
-529
7983
2549
5200
1866
2269
1780
1560
2220
7149
5631
1233
 -94
3443
3060
1809
-777
1581
-361
3460
 367
4406
5250
7165
2793
2455
1390
-690
6593
-505
7268
1881
6885
5435
3475
5668
-281
6014
6984
-522
4049
 662
6362
  59
6794
2416
6113
2267
-625
 702
3674
7277
2960
2103
1984
1931
2752
3003
-416
 496
 841
6370
 889
7745
 573
6622
5992
3789
 502
7915
6501
 147
7207
5084
6865
5527
 246
6364
7283
-272
-993
7653
5039
3585
7311
-637
7211
3238
2050
3023
1831
 230
6734
7518
4232
3076
2586
6942
3965
 272
5119
7333
3781
6565
4752
6355
-868
6247
1740
7684
5727
5973
4000
2680
1977
5593
 184
 432
2072
-163
5289
1522
 517
3201
3374
1331
1591
1656
 818
4556
 761
2483
 183
-470
2815
 507
5526
5082
2833
4407
 968
1763
3103
6834
6380
3596
1979
3549
3542
 483
4013
 512
 673
1065
6814
3212
3049
2329
1907
7818
6574
3235
7491
2062
5999
1142
6612
-334
6313
 346
  72
4630
-612
2338
1764
7102
1303
6868
6686
1596
2438
2947
1996
5714
2245
 174
 224
 323
  12
5847
4428
-582
 535
2706
-969
3393
2719
3494
3195
-730
 754
2404
1159
5369
4210
-872
-501
1205
 338
6929
6560
5000
6731
4951
7766
4769
2104
 576
6556
6006
7658
6347
6855
5032
2368
5970
-979
 446
6915
7462
6557
-925
 991
6590
6289
2282
-926
4387
-164
6940
4191
7874
2678
5262
-131
1002
6164
4970
4519
5136
4193
1086
2468
2854
1633
7627
 767
 564
2604
3381
1782
7548
5052
-183
 605
3673
1816
7107
6925
5190
7179
5465
1254
2964
 803
 359
-860
5341
3318
2292
4332
2866
2410
7557
-555
-888
-607
3974
6660
6991
2440
2713
3897
5466
7028
1201
4524
-293
2312
6096
1000
-565
7968
3812
-452
5070
 192
1559
1095
3804
6847
5816
4777
2476
4362
4353
1985
2157
6694
-441
6766
2444
6948
5286
4631
2628
4806
7829
7385
7343
 935
3700
-298
7625
7201
4274
7420
2505
1917
2229
1696
-423
7145
-324
3213
6572
7174
7125
2079
-454
-285
 543
2666
2083
5928
2916
3427
 -57
  23
 845
6072
3540
6547
7315
4220
-676
1141
 590
 744
7652
2010
 637
4067
 782
6819
 214
6359
-535
 737
-851
3495
 453
4760
3788
6583
7069
7442
 553
6079
6578
5762
 263
6481
5516
6345
7516
3404
 449
7001
3323
6264
-142
2702
5422
-874
7398
-132
6630
4903
-927
-109
 491
7732
1517
7903
-624
7795
 882
4465
6212
6927
1838
6404
 721
-541
7728
6963
6769
4205
7538
 628
-894
3336
3188
6194
5730
6199
1276
1083
7447
4565
7122
  39
-547
-844
1420
5696
2174
3773
4418
 461
2218
4331
2407
 531
-862
-345
2814
2396
6431
2768
6756
5304
-498
1680
-935
4378
 448
5879
-665
6677
3477
6197
5856
6529
2012
4364
7971
4822
1525
6266
 289
4433
1953
 577
1730
1786
3101
5433
-507
-396
7476
2677
 101
5987
3654
7302
6099
2041
1652
2784
2800
 610
5222
4560
5794
-742
7843
 946
5582
-950
-357
2899
 957
4206
-574
6136
4104
7659
2123
-468
1705
4419
4818
6767
-814
4538
6119
2200
2420
4619
5634
1547
1284
-159
7815
 691
2222
4528
2968
2493
7944
2544
 984
3734
-699
5906
4055
3566
7181
 102
-722
6634
3778
-263
6349
5747
5185
4479
1638
 428
1062
7381
7900
5755
 253
 861
3412
6249
7555
6548
-519
-239
7200
6692
3526
-271
2413
 866
5359
6608
-388
1045
 733
1946
4573
-500
 781
7033
3873
4115
2961
3798
3255
3993
3116
3282
6550
4048
6084
7409
-363
6224
5310
3713
6549
5298
-780
 967
4018
1966
4731
7810
 874
4681
 389
3830
6092
4935
6260
4907
6937
3173
2189
4108
3059
 445
7291
-723
4858
4373
2829
6918
5764
5345
3062
 672
4160
5158
2566
 578
3280
5657
2271
4180
5231
1111
5251
3240
3199
6600
1071
1069
1987
1526
5299
7038
4926
6719
7781
6211
1248
4077
 185
4763
-130
1296
6268
-759
6999
6282
6956
-346
2217
1175
-177
 370
7997
6972
-462
1430
4968
5001
5829
-121
 396
6826
2557
3256
3732
 -88
1304
7104
 281
7160
7767
3063
3210
5415
2648
5366
2654
7890
2042
6132
 314
6200
3072
2518
3016
4961
 992
4650
6693
 -38
5403
 870
  85
3950
4552
4954
-789
5637
  26
4768
1983
7782
5159
5885
5617
7014
7719
3110
 344
7827
 459
 532
4599
1734
7382
1651
6167
-636
-405
-342
6183
-112
2999
4823
6670
 986
5939
6663
7973
-469
2858
1474
5128
6236
1199
 907
7042
6823
7140
7508
   5
 249
 929
-352
1668
7970
4570
 908
3022
 690
3894
1658
2991
1621
7526
4572
3992
-173
1462
6488
6140
-371
-243
6163
 930
1289
1840
3289
6678
2681
-512
7509
6728
1105
1100
5855
5588
5295
 813
4024
2239
2418
4352
6753
-733
2531
4747
4323
7330
7701
5552
3121
1287
3916
4678
6884
3466
1239
 618
-457
6172
6718
5878
4136
5445
5464
1538
-939
4143
7242
7032
5118
1148
-766
7248
1793
5687
1753
-802
7611
3054
 164
 444
4429
3880
-810
-508
2763
5751
-451
2165
 521
2797
4671
2920
3551
4189
6023
5895
5886
4079
 765
6221
 650
7162
3650
1993
1964
1648
1873
5991
 972
4132
3905
 850
3500
 875
2803
4810
7247
 475
3257
-550
5167
4626
3225
-301
1027
6848
7846
 160
7718
3311
4569
5026
-945
6378
5923
6526
 519
4842
7121
 833
7873
5011
2917
1402
4345
-414
3705
 632
3638
 231
2254
 709
2762
6725
4054
   8
5192
6795
4800
 928
3758
1711
2751
5723
-178
5363
7697
1179
6997
6298
6727
1106
5208
5357
5031
2848
3241
2509
-735
-838
1691
1798
6558
-791
 715
 919
7776
2257
6912
5996
-229
4020
6710
5443
2728
1167
5729
2524
1029
-135
3041
5600
5529
3394
7614
7886
7271
2758
5094
 347
4281
5800
-100
3539
-199
3580
-648
-359
 987
5868
7456
3930
7544
4715
2142
2668
5360
5367
-442
1079
1584
4399
1869
5721
-605
5284
6070
 921
6186
3866
 582
 -82
1275
3220
-480
 518
6898
3145
5937
 -60
5410
3821
 647
2443
4772
3932
-102
1151
2553
-206
7667
6492
5585
2931
1115
2377
5479
-106
5257
 849
1436
6433
2114
-662
5510
4744
2842
-262
-1000
3267
1583
5558
3632
1546
5835
5904
1606
1168
3620
4441
 229
 603
 750
6134
1122
4426
4381
3216
1647
7505
2954
4863
3684
2867
1852
4829
1934
1058
6147
7845
2043
5604
1463
4308
6314
 640
 398
2307
4575
4890
7830
3837
 293
  33
3535
-849
-160
5907
5843
6993
7355
6238
6411
1088
6173
  -8
6859
  29
2551
-871
1366
6995
2163
3472
3599
2849
2056
4922
7646
-492
7617
3187
3879
3843
5890
1962
3919
3754
7807
6580
1821
 379
7765
2283
3155
1329
 358
6049
4831
7537
6573
4808
7536
7170
5335
5259
3136
6969
-705
2750
4672
6875
5287
4910
5495
1427
5583
1189
3521
6502
4061
2863
 705
2772
4244
4807
6192
1534
1806
5938
2116
1854
 948
1165
5388
 757
5212
4889
-584
 455
7393
5533
-348
-253
-255
2532
3172
2889
3886
4051
1842
3221
3047
3392
7561
7123
6383
-381
  -9
3768
4038
2080
4941
3915
4726
5613
3951
-486
4011
 660
2294
2507
-744
-751
3376
7133
-707
7585
7414
5494
5090
7564
  66
7716
6121
7714
7253
6413
6822
1960
2897
-779
4231
3728
7056
 501
5072
7244
2029
-472
7379
 142
4175
 796
3046
1678
1061
4602
6705
1246
  22
3246
7592
4855
3325
  71
7124
  79
2749
1511
1054
2663
 -20
 302
 -96
6418
6628
2345
5504
3872
 110
3900
-858
-185
2295
2932
4242
2409
-728
-598
3248
1510
5997
-354
1399
4464
7359
3261
3703
-974
 897
 707
5168
5824
3869
 952
1277
7887
7040
-675
6839
4144
3531
2286
1844
-902
-286
4877
3286
-686
-532
-156
 906
1104
4434
2285
  16
1273
2798
 842
5860
7060
7976
3842
3635
-611
-769
4932
 198
3793
1223
1108
5889
2014
7492
7566
2988
1339
1383
2888
3822
4153
1617
2171
 299
2477
 909
2031
2906
4757
3219
-274
4240
7065
4542
5674
2089
5946
2370
3982
4413
3018
3934
4438
3643
7377
-227
-225
7654
5817
7678
5086
 756
6944
6646
 -12
4081
1721
2019
 342
3321
2708
1627
1155
7005
3719
6407
1921
 -74
 720
-714
7199
5863
6476
-941
6436
6675
3185
4213
 -37
3388
-169
 879
1771
6446
3997
2005
1553
5280
2537
7849
1253
1487
-390
6923
7309
7607
7501
3835
7746
3309
6896
3574
6748
4424
5438
5563
2997
6299
4181
1464
7053
4417
7802
 -98
3517
4254
5383
2435
6820
6568
7316
7756
-283
6958
 339
6647
-669
2039
6960
5214
4300
1134
-531
5525
1552
-634
2151
4074
7411
4052
7876
3563
3865
-734
2394
7618
3207
6055
3503
4053
1708
4656
 188
4451
4320
1358
1503
7410
-191
2480
4361
3856
5513
2783
6075
6667
6571
3178
4448
6104
-494
3794
4886
3698
6968
5892
3577
5483
5179
-116
6158
1577
5100
4263
6631
5770
3025
2881
-908
2620
4230
2851
7493
3738
5060
5270
1754
4639
4758
  90
5471
3806
2075
7408
3410
6005
6241
-277
 569
1990
-996
7090
-663
-249
2652
 667
3032
7294
2155
4979
5733
 130
-364
1219
 -62
5556
-313
6229
1003
7696
6659
4073
3422
 762
7312
5138
7798
3091
3678
4805
-623
6939
-422
2296
2076
5163
5797
 653
 208
6465
5442
5599
5743
7318
4168
 541
 926
2238
5398
2425
1646
6217
 -79
1306
2636
1378
3955
3390
3627
-322
7086
1937
3584
 661
-748
 382
6142
4902
1870
 452
1486
4299
2237
7535
3586
3000
5731
5870
-671
4262
2006
-661
2299
3740
4767
2275
4199
4563
6566
 277
3350
3952
6235
 235
6116
5463
 332
4640
3290
6021
6509
 458
2565
1951
-834
2051
1892
7096
2268
5166
4369
-275
-828
2615
5511
-268
2717
6120
5573
1890
 204
6770
1330
4946
7624
1998
7002
4796
5565
-886
2234
7511
 209
7282
7717
4137
7453
7738
7137
-265
 450
7841
4129
-234
4592
7655
 740
7484
1034
-606
5338
-226
 473
1414
2167
7192
 254
 975
-228
3972
3502
5811
7356
1791
2313
4738
7169
 348
4684
6990
3926
-511
3857
 419
5308
4393
2563
3917
7975
1999
5865
-967
 961
3159
 240
4982
3753
-525
-812
5749
4892
 387
7066
6189
4914
5692
2140
6154
 840
-144
-165
5454
 179
-937
4859
1288
5540
7021
1592
7985
3579
7895
5625
5396
7570
5708
4203
 216
5430
7435
 321
6916
 596
7638
7905
-709
2831
2625
5317
1699
5517
6429
2785
6031
3918
5318
3792
1448
 831
-850
-936
 547
 440
1521
 172
6461
6237
3988
7528
 620
5763
-444
5140
5391
3895
 515
2298
5374
6234
6683
 983
5703
 527
-601
-418
3358
7361
1913
-796
5077
2448
3664
6426
4025
1974
4582
3122
 799
7524
1398
5680
7329
 -81
 595
4159
1418
1497
7848
3909
2786
3347
5113
6781
5950
1182
 -22
2112
 812
-197
2774
7809
6271
6152
6144
4152
7521
3850
1007
5068
 109
1374
2809
-702
4812
7575
4016
6657
2011
4564
3044
5922
6435
7479
2951
1751
3079
2918
 826
3030
5560
1372
1988
5572
6470
 893
4444
3741
1107
-930
7265
 940
1429
3313
7657
4534
1176
3505
4076
5713
2885
7303
 115
3028
1923
 251
 525
3371
 221
6854
2462
7083
6639
2716
1601
6361
 329
-559
3182
2473
3086
-726
7194
1016
 361
5656
6602
2258
6165
4581
 366
3911
  27
7992
4511
-830
5677
6468
2907
2695
2701
 625
 779
2733
6270
 755
5881
-382
1025
7088
2684
2454
-502
5187
-506
2290
6056
1514
 288
3966
6873
3711
4311
4724
  92
3301
4478
6994
7094
6348
7938
4002
1172
4761
2176
-731
6337
7350
7726
-884
-904
2235
7183
1954
3488
-355
6020
1803
 140
6093
4561
4762
1321
4589
4814
1729
7186
4712
5857
 388
6627
4064
-367
5274
5624
1457
7376
2302
4476
2333
4334
5884
4893
7666
2840
1245
1293
5712
-289
2478
-564
5615
6521
  36
4021
3708
7722
4683
1494
 282
4541
1075
7779
1345
3244
6115
3043
4380
3405
3490
-187
 -41
4084
1939
 713
1423
 602
7534
3112
6301
2037
6439
 857
-917
 801
4837
6787
-604
6396
1715
  -1
2325
5956
7290
6805
4450
1759
3960
2675
2535
 773
4659
 166
4112
5132
 438
 402
3363
4461
-799
-655
2071
 747
7581
 494
-645
   4
3175
6867
1506
4737
4383
4816
2499
3334
7483
 -27
3721
4196
3772
 151
3783
3359
2397
2351
2865
-482
1827
2543
3310
-863
 421
 830
5036
 403
-865
4370
4753
-403
-180
5469
4343
5402
4363
1573
2870
 -21
1855
2690
5176
4241
7909
1600
 442
-762
-995
-188
  43
-175
-911
3813
7472
1703
4637
 234
6069
-196
3597
-549
-997
5490
 200
2077
-245
7520
2210
 306
5131
1901
 199
2349
4546
-409
4179
4948
7661
6066
1963
6216
3308
6047
7464
7500
5437
4111
5071
2412
2945
3935
2970
3652
4307
4178
5461
1828
7879
6451
6448
1385
7980
 431
2594
6674
6417
7679
5697
7257
6088
-184
2877
3561
2631
5385
7425
1971
4482
6673
 790
 901
6599
6403
4068
2595
2672
6813
3995
2576
2689
2002
5522
6316
7912
5240
6473
3570
6863
4959
 614
3790
 949
7972
2618
5913
5591
3780
1053
5331
6871
3015
7582
7288
4486
3755
5948
2591
3751
2066
2430
-956
4813
2589
-778
4949
2688
 328
3762
 480
1353
7907
1762
2481
-854
7078
 343
1837
3223
3671
-307
-143
3226
6073
1576
3174
1712
1090
6278
6661
3727
1112
2683
-411
3752
5882
 594
6935
7821
3294
 -23
6750
7574
7386
 307
2073
7525
6334
1975
2376
2875
6768
1785
  87
7239
3360
3641
-407
1922
-539
4194
3729
-677
5994
5900
1555
 435
-963
1140
5137
 686
  88
4590
3082
6394
1533
5845
4713
2850
7977
 668
 904
2289
2247
7786
 345
4743
7700
3147
7421
1643
2055
 509
6563
1009
4756
4971
2754
1444
6385
1416
2691
5120
-760
-595
3663
7842
 -50
2317
5040
5005
  91
5365
 -89
2933
1362
1548
1756
3545
3037
3354
5579
5918
7588
6798
4676
  68
3715
1096
2796
3948
3204
2892
 237
4578
2822
3399
2342
3825
4828
1316
5099
1845
3598
4960
6914
 523
7148
1080
7317
7545
5290
1948
3519
 994
7691
3922
 557
6735
 193
4586
1676
5238
4481
6892
6561
 -92
2617
3275
3097
7227
1750
1887
-437
3527
5671
6953
7460
6474
1566
-720
6477
1687
3717
1125
 257
3451
7490
  74
1367
5021
4543
-236
2590
-631
2381
6537
4820
1673
 125
5943
-527
1063
7837
5427
5475
4900
5670
4404
4391
-988
7572
5682
-219
1193
2760
 937
1403
1710
1675
2387
6156
1792
4336
7513
 516
4069
5760
-916
3265
7775
3176
6699
6243
1818
5096
2986
6001
5768
6978
7689
4436
3712
1421
4477
5321
7245
3300
7489
5243
5229
7256
-297
 800
5023
 327
 456
5653
5019
7512
 186
5873
 722
1645
5007
-608
-977
4520
5468
 -85
 308
5711
2300
5047
6562
3735
6828
7235
6610
1019
7882
  65
2344
1407
7418
-912
7208
5955
2722
4851
 951
5705
5663
-167
3183
-797
5739
2804
-666
6543
4154
1481
5802
4908
2110
2202
3231
1207
3149
5326
1043
3824
7994
4385
7383
2697
4885
5116
6151
2400
-627
5921
4012
3939
2450
2703
 918
3618
3455
-216
7262
-824
4690
1197
1094
1351
 -95
7854
1670
-907
4703
6981
 724
7911
3312
3452
 701
-378
2700
 386
 376
-670
6327
3507
  75
2578
5092
1180
3868
-153
7629
 163
6363
3963
5531
2661
2687
1361
  20
7189
6290
5143
2100
 333
7246
1310
7077
4909
1853
5247
5561
3330
7619
1214
6907
7091
-383
 371
3471
2488
 353
6666
3546
 161
-202
 499
1875
1616
1476
1682
3582
5349
6410
5830
6749
4911
 542
4110
5134
3398
1097
3795
3006
-583
3370
6943
-903
7304
-376
1089
6930
7416
2662
7354
1173
 309
 317
5384
7394
6127
-999
-487
2467
3604
7238
5965
5927
4508
1371
6633
6467
-435
6876
7820
-803
7923
7232
4408
3991
-302
4227
4939
6625
5272
5016
1491
3686
5450
3258
 378
2088
-448
 700
3341
2003
6518
 -24
6210
2546
6427
3591
7927
2180
5509
1459
 423
1802
 153
4337
-425
5218
3411
2692
-986
4296
3372
7366
1332
7134
7571
4662
5978
3269
6276
6421
6771
6807
4872
5586
2023
7674
7392
3476
7965
1441
3369
2214
1286
 227
-698
6228
 425
7105
1281
4243
1242
1280
 152
3845
-990
1139
2736
1359
1744
1285
7833
6582
1727
5735
5301
4700
-526
6379
7289
5255
4216
5621
4785
1794
1397
2958
6763
6989
7043
4032
6797
4485
4117
1244
1425
4856
2199
2236
-344
 943
3662
7844
 936
1799
3276
6899
-325
6624
3702
1460
7515
-149
3867
2474
7772
2514
7128
1103
5828
1404
 479
4976
2354
4059
1657
3532
 867
6252
2834
-929
7852
5477
-450
4611
7922
6970
7939
4034
6242
5896
 510
-568
6133
5821
3568
7228
7119
   7
-829
2723
-124
7015
2828
2020
2261
1688
-914
1202
3198
-620
1198
4135
-867
5329
6287
4574
 914
1768
3648
5518
3191
5020
1622
7474
5756
3801
1224
4682
 530
5486
 511
7455
3913
1879
5883
3672
 350
7210
2526
7444
3504
4228
-672
5378
4430
6382
7631
5832
1440
6015
2748
7720
6505
1466
-940
5849
2419
 469
7219
2139
6570
7100
-534
5570
5242
 823
4679
3271
5148
5239
2812
 150
6671
-878
1432
-123
2107
5194
6400
7930
6331
4394
3898
3810
4040
6553
6258
-875
7979
 466
4978
-952
3691
1513
4986
-793
-497
6844
4838
 408
5386
3670
 977
-737
2242
4292
5173
7279
 384
 400
7623
7584
2527
1109
1956
4443
7602
3066
 887
5189
4157
1132
7563
1035
5480
4006
1926
4086
7587
4614
5235
5300
3214
7888
7152
6317
1889
1857
6510
6053
7811
3118
6259
6879
6302
5990
-575
1933
7167
 731
6019
4736
  32
 -16
 844
 341
7988
5348
3807
4852
3493
6008
3039
2408
6245
7586
-785
5775
2447
 477
-557
4899
 894
 118
5542
6050
4620
5246
4284
2869
1570
4988
4173
6340
2759
7559
-504
7019
5984
 685
5405
6046
1919
 383
 356
5146
 768
1492
7243
7184
4972
7865
6951
4447
3279
4050
 187
5048
 430
2252
4156
4272
7240
7286
 612
3573
2761
 219
2962
 528
7093
-688
6209
1912
-876
-193
2035
 704
6525
-443
3192
4401
4039
-593
 820
1595
2291
1163
-887
3581
6312
-356
4705
1171
6626
4140
4974
2729
4697
3434
4324
1458
5853
-155
1564
2392
4454
 -73
3854
6219
7763
6852
5644
1516
1693
4151
1598
6959
3847
-816
1575
4094
 970
 155
-127
3430
3679
2486
1312
5581
7036
3459
4093
1695
2034
1267
1781
4003
4259
6424
6442
4943
5684
3098
1620
3094
 944
4950
5279
5809
3694
 218
2539
3288
-667
7473
 681
5715
6986
3661
-586
3775
3436
1965
2898
 -35
 223
2635
3093
4277
5701
 247
6329
2263
-209
6842
6041
1190
 -36
5441
6909
 411
 560
7941
-678
2405
4853
6701
5916
7252
2232
7762
7668
4668
6322
7197
7633
 136
1261
1725
6546
3871
-653
4130
6318
6330
-924
4057
6738
-276
 276
3291
-284
-923
 357
6603
5793
2225
 659
2369
2623
7004
4937
7328
2503
5180
2567
3408
4895
7173
2459
 988
1942
-971
-326
7054
 304
1363
4022
1428
3340
7713
5432
-898
5893
1650
7164
 -14
3070
1537
1450
2799
4751
-807
6193
4041
2224
3817
6162
1916
3497
4090
6273
6890
1588
4774
6213
6976
7025
3640
3615
 979
5493
3979
 195
7856
6472
1434
2169
6664
3920
7498
5568
-530
   2
3690
4819
2837
1123
5515
 648
6741
3501
6882
4099
7963
7267
 303
4513
1569
1728
-389
3831
6351
-587
4514
3980
  95
3365
-893
 860
4825
1911
1117
1453
2383
4913
1300
3511
7517
1066
1989
2533
6591
4192
7744
7497
6058
1590
4285
7034
4463
 451
 484
-461
1679
3677
-837
2026
1417
5971
3560
7743
1110
7336
6356
2134
6253
3467
6443
2976
1126
1795
3109
2391
3689
7808
3203
6295
7510
6354
1587
6846
4182
7800
4118
 215
1664
 811
6971
5820
2791
7296
-591
7768
   3
2996
5302
6739
5838
5459
7344
1611
-215
6697
4435
3925
4502
 467
3344
6513
3498
2607
1153
1813
1011
3884
1004
6611
2178
-943
 297
7928
5412
4947
6584
 725
2720
  -5
7364
-111
4372
2159
6712
2817
-556
7747
  77
7947
3264
2472
-821
1252
6921
4821
4689
-982
 891
7225
-314
2337
4164
 104
3994
4327
1394
-490
6752
-392
 354
6039
1843
5695
6864
3492
 404
6460
7982
2143
 476
 165
5578
4058
3776
6733
7280
1830
5738
4741
1211
2967
 474
1736
6170
  52
7858
5003
5305
5545
 611
 795
3885
2007
5977
7651
2558
6955
4553
-721
5204
3245
6536
 689
2074
2036
 268
 301
1498
1770
-477
4375
1876
 233
4558
 265
3764
7503
7935
2771
-643
4555
6696
2599
2280
3619
 412
7681
6285
3089
7212
 -65
4622
2790
2953
5350
7218
2001
7007
6150
6106
2479
6957
4732
 784
7796
6393
6297
 -99
2276
5106
2739
5646
7274
5654
1536
2592
  40
2182
 294
3676
4046
2230
7130
4468
1021
2704
 -17
2437
6080
6255
5139
6988
5609
 934
2256
5919
2219
4340
-818
1797
4211
1766
5998
3151
-248
4904
 742
2835
4597
2982
4131
6434
 927
 399
1264
5165
 337
5431
3576
-115
2386
3438
4665
5062
2417
 646
6339
2725
2554
4106
5053
5683
2820
6911
1950
1451
4992
4606
4645
6581
1327
3888
7142
6809
-901
3373
5112
5717
1146
 264
7590
2463
6922
-727
-786
2575
3567
1302
3382
3967
-104
6463
3860
7499
4967
3206
2065
4708
-203
4453
5966
6662
 821
4710
2747
3218
2579
6420
-217
2213
4618
5771
7789
6269
1910
5265
3319
2987
2124
1060
2685
4421
-715
 409
5066
4351
6755
7731
1945
5834
3655
5776
3730
5559
-476
1409
7049
3544
3485
6027
2923
3092
7024
4969
 710
 457
7554
4775
2415
 734
6305
4398
-732
 250
1784
 855
-252
2423
-983
4085
5632
5690
3068
3128
1485
-613
 822
6616
4750
6621
3747
4472
1504
 336
4507
4638
3928
7669
4985
7616
-465
7793
3104
5344
4172
3077
 643
6687
6860
7203
2464
3073
-544
4310
5607
6654
7547
4010
3901
2880
2138
7707
7724
6784
6452
4865
 922
 565
3406
5679
6025
5006
6688
5901
1719
4977
 589
7150
 920
 482
1978
-331
 827
2402
7159
1064
4290
-391
1008
-428
5429
3322
6778
1571
3281
4215
2162
-869
6430
3123
6227
6029
1006
7680
7205
4224
4791
2094
 -44
6592
 105
3547
6974
-540
 124
7084
5867
1158
-558
-781
5854
6300
5606
4217
 843
-398
  94
2442
2561
-768
7519
3035
6408
7647
5467
4651
4997
6541
2744
1801
3859
5590
  54
2439
4036
1618
-949
4496
7251
1291
2777
7610
 363
-576
-801
7868
6709
5846
1093
4919
4695
6135
6850
 103
4384
1010
-588
-410
6174
3026
1641
1298
  63
7986
 325
 587
5355
-189
1333
-134
2890
4344
 639
5580
6003
 789
5065
6004
2819
4596
-467
4847
2513
5346
-578
4776
6384
 447
 298
7111
4207
3699
-413
4214
5091
7899
3516
3811
-431
2013
 362
-651
4367
7823
1604
 544
3134
2495
2175
4532
 913
5982
6635
-200
5193
1899
-749
6485
5612
 817
3105
1672
4755
2251
3432
2164
1313
1775
5236
2388
1896
6303
 910
5778
5164
5130
6239
7996
 933
4043
3899
2453
6508
5177
7771
2806
-835
5951
7348
3601
3262
 156
2884
-954
1789
6024
1411
5417
4840
1116
7297
5620
6740
5605
7552
4150
4329
2158
2516
7372
5015
2597
1017
 460
-152
 122
6934
-358
4545
3696
-273
4341
1761
  89
3779
6786
2864
2017
6196
1841
4120
-718
3008
4728
7080
3478
 748
1042
7480
4504
7598
 584
6619
2781
2293
4335
6780
2767
 171
 571
3870
6344
-235
1268
3861
2131
1074
1138
5575
4255
1055
5115
4830
1077
7272
6398
6016
1099
3081
4309
5213
7816
7055
5648
5492
7365
4522
-120
7926
 -54
7748
4412
-366
6552
7109
7735
2624
3907
4313
6845
6279
-238
7103
2024
4924
4047
4995
2336
1218
1928
5758
1949
1765
-823
6207
-108
6534
2511
4716
4382
6462
7466
3657
7826
6729
5182
1686
7332
6226
 284
4686
2904
 865
2562
1169
6790
 292
7295
7867
-449
7871
6222
3298
1991
-765
3268
3113
3961
5291
2287
3055
-859
1369
3247
4190
2657
1001
5964
3693
7494
6905
2727
2952
4945
5659
 487
6695
2969
5773
5186
1817
5917
5356
6063
2466
-630
4958
1251
1709
2998
7305
  37
2160
3040
 331
7463
 381
2436
2766
3882
4183
 478
7729
2973
6793
4291
 -77
2262
 669
3533
7031
 851
7761
7367
1512
 651
3400
4484
7106
-333
2743
6812
5102
6456
3215
4155
1969
5652
6785
4279
 730
5325
3048
3157
-133
6736
5046
1238
-819
7258
-456
7370
6325
1706
4793
3337
5462
3465
4460
3481
5962
4891
-847
 677
4338
5864
3184
1177
3078
-395
2452
4906
-775
7223
4905
5481
7683
7250
2602
1128
-955
 534
4221
7371
2334
7850
 745
2201
 753
1455
2990
4147
-554
-647
4392
6441
7335
4342
 493
 670
1669
4400
1031
7450
4930
 397
7220
4537
7300
6878
5400
 903
-521
4559
3957
5801
1439
2981
5282
4348
7486
 777
4870
1338
1973
 133
1955
-458
-179
4515
6484
1690
6195
6808
7029
1767
7936
2260
-856
5874
-931
7172
4008
6774
6455
6887
5478
4265
7589
-589
5499
6830
-585
 869
6587
3796
7549
2571
4987
6205
-811
2352
4123
5908
4044
3306
6386
3468
3621
3977
5311
7904
4687
2570
6609
6594
5976
1520
5538
7835
4273
6870
7346
7806
5446
 810
5790
3457
7374
1968
6146
 -53
1482
1307
1135
-991
3349
 751
5626
1150
5761
4803
1192
7630
2500
1628
-806
6577
-857
5093
4657
4536
5121
1419
 696
3975
1120
6112
-987
 113
7859
7353
-729
4773
2778
-674
7313
2555
4901
3353
4764
2824
7507
3853
-447
-218
6985
3228
6711
6540
7754
5953
4566
1184
5935
6498
3912
2935
2208
3446
1735
-380
7710
3127
-122
5160
2909
3767
2265
 154
1938
3004
  15
 162
1375
 -71
7805
7880
4973
2805
6240
4474
 401
3295
2941
1796
7787
4257
3626
4525
3034
-192
6629
1170
6397
3088
4548
5833
5271
6744
7948
5972
2047
1714
7263
5786
-266
-415
 540
 169
 985
3940
1473
6333
3480
5740
4584
5983
 175
-459
1023
1858
2868
4765
3167
7216
-947
2246
3416
6689
2979
2306
6048
-182
7143
4876
 807
1608
6533
5074
4302
7759
 995
-213
 982
5836
2206
1619
1098
6961
6089
7138
5004
5041
1137
1028
 454
4539
7010
3986
3137
 -51
7677
3863
5061
6554
 665
4098
2694
3297
5447
 262
7635
5389
  73
2734
7604
1976
5476
6401
3826
6479
7196
1408
1384
2585
6949
1746
2788
7644
1819
2233
-788
2319
3377
2614
4888
-756
4610
7428
1435
5371
6248
2613
1447
6644
-657
2046
6799
6950
1733
-725
5079
7597
7750
 141
4201
6367
2919
3543
  78
6246
7565
2099
1156
7699
1726
2755
5535
 752
2146
6720
7041
2596
2985
5630
 144
2153
1882
  -3
6604
 675
-679
4601
1790
1861
1701
 201
3733
 993
6588
2384
1496
1412
3190
3832
5608
4162
6829
5815
6294
6936
 683
2244
4379
  44
-618
-424
 377
5157
6964
4204
1084
  60
3998
  42
1707
6206
3746
5595
5728
7260
1477
6975
6917
-181
 212
6743
-562
6117
2775
  69
 -69
3846
-972
-880
1203
1271
 878
1005
 267
 881
 316
-484
1349
-953
5942
7606
5888
7672
6903
1018
-204
7458
-960
7663
2936
5054
7259
-841
 310
 778
4317
 538
2183
2040
5095
4609
6966
-221
-429
6717
7439
5528
5073
2144
7373
-445
1760
4983
7229
6280
7960
2403
 562
2191
3769
6853
4771
5862
6180
5037
5210
6617
4817
5603
2426
3351
3106
4121
-614
 644
-938
1263
5018
1805
1314
4918
-985
2355
7861
-632
1174
4787
5512
2038
7275
2117
3251
-592
6815
 808
-439
6111
5458
5871
3470
 427
7705
4693
4965
3564
2673
1835
3419
7380
2665
4096
2583
1336
1274
-836
5380
5285
5312
3314
7338
5323
2111
-673
3413
6613
7433
7269
4283
 486
2600
3431
2957
6668
2130
-212
-596
2484
2052
5324
2601
1970
2331
2204
2367
-571
1076
6425
5643
5334
2764
 500
6544
2492
7221
3304
7401
 243
5307
2136
 506
4957
2053
 871
4929
3844
2879
2699
6539
-817
6897
2686
-288
5772
1382
-473
 663
 711
-365
 960
  53
7643
-650
5803
5929
3509
2451
 941
7801
 526
1068
2428
3748
 -78
 269
1906
2127
4780
2161
1544
5986
5296
4328
4260
1143
2529
7407
 898
-433
2475
2724
-980
2779
 180
2992
2823
 320
5201
5103
 439
7415
5594
7020
5117
3100
6724
-194
 132
2515
-347
1885
7009
-375
6514
3375
5175
7287
5753
  38
4072
2496
3929
5472
1615
5909
4811
7556
7964
-825
6682
-654
2984
 671
1994
3840
2737
-543
7560
1865
-948
 497
7553
2712
2212
  35
3379
5414
6777
7011
5651
1585
7314
2070
6483
7794
-488
4809
4321
-774
1365
7431
2629
-328
-764
6335
7917
4347
6669
1610
2926
6326
-259
6254
6201
5381
  47
1290
1834
 217
6388
7812
2522
2288
3555
-478
5589
6503
 593
5347
 892
4621
4783
6496
3962
3327
6308
4350
 965
2658
6926
5852
4297
3205
7222
-883
 -48
2101
3064
2016
3605
-420
-438
  -2
2852
4740
7736
2032
-436
 182
 829
7551
1056
-195
2272
 -42
5421
2186
7461
4390
4107
4585
5781
4186
-310
1342
7831
3534
7030
1183
1554
5638
3317
3380
4167
2746
7050
4759
7641
4087
6762
4944
6122
3692
-783
3862
6125
7306
1626
5055
1748
-741
7896
6257
5133
2098
5501
5813
3680
2093
2372
5129
1424
6788
3829
 -32
-280
5149
5858
3506
7889
 413
5199
6601
1558
6051
 -30
5635
2794
6679
5584
7023
-343
  98
3716
  70
7634
7562
1530
5209
1659
3200
-118
6283
4770
2216
7839
3227
-553
 312
1200
3074
1850
2156
6145
-402
4841
2469
 286
5394
5745
2273
4643
2525
1373
5141
 285
1742
4879
3162
3196
4521
6076
7898
1644
6605
5642
-782
5496
 -52
4133
3014
6372
3989
6352
6390
4694
5544
-479
3193
3146
3050
4355
3628
-724
4956
7452
4396
2197
 597
7012
 295
1038
-784
5080
6512
  58
 598
7682
5169
-975
3250
7698
-681
-696
4964
-951
1981
 723
5798
1758
2406
-569
5390
6098
7855
4827
  41
5172
1014
-685
2490
7974
4258
2826
  80
1811
5152
-597
5681
2502
 529
 126
2792
-339
-474
7089
3984
-767
6872
 899
3629
1072
2173
1722
6810
2489
3287
6504
1700
-973
2243
5667
7741
3239
6107
-761
 558
4641
7406
5534
3186
-660
2049
-957
3550
4270
 998
3274
 832
 131
6649
 990
5413
5419
 -28
2308
7063
7885
5521
5203
4797
2150
 -76
2190
2971
2641
2022
2264
1379
3473
 698
1040
6480
5725
 732
7390
2929
6722
7171
4176
7656
5541
4305
5352
1582
3933
7202
1594
5804
2266
 228
5641
2843
2572
7118
-881
6155
3407
3362
  84
7522
3971
2538
3053
3415
1324
3409
6655
-716
4897
4080
 283
1528
4915
 626
 749
-264
2974
 522
-315
1495
5428
-353
5028
4862
6032
3202
3644
4457
2978
6992
5754
5787
-695
1580
5967
4896
2086
5333
4579
 236
3613
 692
7642
4789
5576
4845
7135
3181
5448
-548
-776
5636
1967
5314
3029
2346
2995
-513
 291
5503
 739
7819
2765
7400
7363
2745
5215
7375
4253
1820
2946
7778
4095
2696
3983
3714
4001
3005
5049
7751
7995
 352
1886
5623
7369
6067
1915
2647
 170
 954
5807
 876
2008
3299
3896
7358
4654
6704
3368
7132
1067
5343
6091
5315
1231
 548
 505
3921
6471
7254
1523
7687
4294
7569
  24
 194
3575
6293
5742
1944
7981
-261
2188
3384
7711
3479
3744
7454
3448
-879
6187
1237
 492
7797
5988
 -75
6933
1505
-341
1048
4105
6026
 599
4634
1393
 900
 772
5161
3858
4925
3463
7451
7961
6453
2119
4530
5650
-495
3243
5424
3588
5045
1386
6071
-304
3138
-566
 838
 -11
 176
7662
5640
 178
7062
 213
2693
5228
3425
7546
2320
5851
-292
7126
5859
2340
2895
4996
-794
1623
 864
5184
2710
2821
5195
-934
5767
4540
6821
3293
4867
3164
2009
1024
 107
3338
1952
2152
1772
-895
1364
6185
 868
2456
7035
2449
4146
5211
-579
5153
5258
2460
1632
4804
 111
1196
 706
 137
7757
3433
6792
5799
 572
 -46
  13
2660
1229
5926
5601
1561
-338
 205
5719
-496
3042
6013
5547
5826
6487
7723
 629
-518
4923
 883
1085
7788
-158
 622
5569
-976
6128
7136
-900
5808
-384
1667
2569
1354
-700
6877
6482
5694
5220
1747
-319
4942
5662
 678
4365
7828
3525
3166
6714
3766
1131
6841
2838
2913
 256
3633
2943
4754
7822
3499
4062
2091
4875
4042
1666
1484
1586
 139
6886
 260
 863
-832
4531
7417
2081
4357
2350
4833
7838
7950
1640
4832
 886
2465
5372
6880
7213
2357
5406
3266
3423
7990
-105
1121
6708
5191
-523
2915
6849
3124
5947
 410
-992
-978
7949
6982
6215
7636
3524
7465
2721
5647
6291
7157
7665
4567
 422
2363
4666
4701
6837
7632
6138
-162
1918
-757
 244
6538
4233
3943
5903
1930
4568
1073
4544
2542
3305
4802
-295
4648
 814
  -7
2577
6919
7599
1832
-340
1220
  21
3102
2359
 997
2375
2955
3953
1545
2588
4836
4635
1204